
function y = f (x)
  V = [
   0.00000   0.00000  -0.67479  -0.00000   0.42602;
   0.00000   0.00000   0.58438  -0.73019   0.36894;
   0.00000   0.00000   0.38959   0.48679   0.24596;
   1.00000   0.00000  -0.20713   0.43811  -0.72064;
   0.00000   1.00000  -0.09206  -0.19472  -0.32028;
  ]
  goal = [1; 0; 0; 0; 0]
  y = zeros(5,1)
  y(1) = x(1) * V(1,1) + x(2) * V(1,2) + x(3) * V(1,3) + x(4) * V(1,4) + x(5) * V(1,5) - 1
  y(2) = x(1) * V(2,1) + x(2) * V(2,2) + x(3) * V(2,3) + x(4) * V(2,4) + x(5) * V(2,5)
  y(3) = x(1) * V(3,1) + x(2) * V(3,2) + x(3) * V(3,3) + x(4) * V(3,4) + x(5) * V(3,5)
  y(4) = x(1) * V(4,1) + x(2) * V(4,2) + x(3) * V(4,3) + x(4) * V(4,4) + x(5) * V(4,5)
  y(5) = x(1) * V(5,1) + x(2) * V(5,2) + x(3) * V(5,3) + x(4) * V(5,4) + x(5) * V(5,5)
endfunction
