L = [0,0,0,0,127,4,80;
0.6747,0.7371,0,0,0,0,0;
0,0.0486,0.6611,0,0,0,0;
0,0,0.0147,0.6907,0,0,0;
0,0,0,0.0518,0,0,0;
0,0,0,0,0.8091,0,0;
0,0,0,0,0,0.8091,0.8088]