

function M = x_abhangig_schild (x)
  M = [0,0,0,0,127,4,80;
0.6747,0.7371,0,0,0,0,0;
0,0.0486,0.6611,0,0,0,0;
0,0,0.0147,0.6907 * x,0,0,0;
0,0,0,0.0518 * x,0,0,0;
0,0,0,0,0.8091 * x,0,0;
0,0,0,0,0,0.8091 * x,0.8088 * x];
endfunction
